X[1]:
[-0.62326401 -0.62161065 -0.61998506 -0.61838749]...[-0.62326401 -0.62161065 -0.61998506 -0.61838749 -0.61681816 -0.61527729
 -0.61376513 -0.61228188 -0.61082777 -0.60940303 -0.60800787 -0.6066425
 -0.60530714 -0.604002   -0.60272729 -0.6014832  -0.60026994 -0.59908771
 -0.59793669 -0.59681709 -0.59572907 -0.59467284 -0.59364856 -0.59265641
 -0.59169656 -0.59076917 -0.58987441 -0.58901242 -0.58818337 -0.58738739
 -0.58662463 -0.58589522 -0.5851993  -0.58453698 -0.5839084  -0.58331366
 -0.58275287 -0.58222613 -0.58173354 -0.5812752  -0.58085118 -0.58046157
 -0.58010643 -0.57978583 -0.57949984 -0.57924851 -0.57903188 -0.57884999
 -0.57870288 -0.57859058 -0.57851311 -0.57847048 -0.57846926  0.5784627
  0.57848977  0.57855168  0.57864844  0.57878     0.57894636  0.57914748
  0.57938333  0.57965385  0.579959    0.58029872  0.58067295  0.58108161
  0.58152464  0.58200195  0.58251345  0.58305904  0.58363864  0.58425212
  0.58489939  0.58558032  0.58629479  0.58704267  0.58782384  0.58863814
  0.58948544  0.59036558  0.59127842  0.5922238   0.59320155  0.5942115
  0.59525349  0.59632733  0.59743285  0.59856987  0.59973818  0.60093761
  0.60216796  0.60342902  0.6047206   0.60604249  0.60739449  0.60877637
  0.61018793  0.61162895  0.61309921  0.6145985   0.61612657  0.61768322
  0.61926821  0.62088132  0.6225223   0.62419094  0.62588699  0.62761021
  0.62936038  0.63113726  0.6329406   0.63477016  0.63662571  0.63850701
  0.6404138   0.64234586  0.64430293  0.64628478  0.64829116  0.65032183
  0.65237655  0.65445507  0.65655715  0.65868255  0.66083103  0.66300235
  0.66519626  0.66741253  0.66965092  0.67191118  0.67419308  0.67649639
  0.67882087  0.68116627  0.68353238  0.68591895  0.68832576  0.69075258
  0.69319916  0.6956653   0.69815076  0.70065531  0.70317874  0.70572082
  0.70828133  0.71086005  0.71345676  0.71607125  0.7187033   0.72135271
  0.72401925  0.72670273  0.72940293  0.73211964  0.73485267  0.73760181
  0.74036685  0.74314761  0.74594388  0.74875547  0.75158218  0.75442382
  0.75728021  0.76015115  0.76303646  0.76593595  0.76884944  0.77177675
  0.7747177   0.77767211  0.78063982  0.78362063  0.78661439  0.78962091
  0.79264004  0.79567161  0.79871545  0.8017714   0.80483929  0.80791897
  0.81101029  0.81411307  0.81722718  0.82035245  0.82348874  0.82663589
  0.82979376  0.83296221  0.83614108  0.83933025  0.84252955  0.84573886
  0.84895804  0.85218695  0.85542546  0.85867343  0.86193074  0.86519724
  0.86847282  0.87175735  0.8750507   0.87835274  0.88166336  0.88498243
  0.88830984  0.89164546  0.89498918  0.89834088  0.90170046  0.90506778
  0.90844275  0.91182526  0.91521519  0.91861244  0.9220169   0.92542847
  0.92884704  0.93227251  0.93570477  0.93914374  0.94258931  0.94604138
  0.94949985  0.95296464  0.95643564  0.95991276  0.96339591  0.96688501
  0.97037995  0.97388066  0.97738703  0.980899    0.98441646  0.98793934
  0.99146756  0.99500102  0.99853965  1.00208337  1.0056321   1.00918575
  1.01274426  1.01630754  1.01987552  1.02344812  1.02702527  1.03060689
  1.03419292  1.03778327  1.04137789  1.04497669  1.04857962  1.05218659
  1.05579756  1.05941243  1.06303116  1.06665368  1.07027991  1.07390981
  1.07754329  1.08118031  1.0848208   1.0884647   1.09211194  1.09576248
  1.09941624  1.10307318  1.10673323  1.11039634  1.11406245  1.1177315
  1.12140345  1.12507823  1.12875579  1.13243608  1.13611905  1.13980464
  1.1434928   1.14718348  1.15087664  1.15457221  1.15827016  1.16197043
  1.16567298  1.16937775  1.17308471  1.17679379  1.18050497  1.18421818
  1.1879334   1.19165056  1.19536964  1.19909057  1.20281333  1.20653786
  1.21026413  1.2139921   1.21772172  1.22145294  1.22518574  1.22892007
  1.23265589  1.23639316  1.24013185  1.24387191  1.2476133   1.25135599
  1.25509995  1.25884513  1.26259149  1.26633901  1.27008764  1.27383735
  1.27758811  1.28133987  1.28509262  1.2888463   1.29260089  1.29635636
  1.30011267  1.30386979  1.30762768  1.31138632  1.31514567  1.31890571
  1.32266639  1.32642769  1.33018958  1.33395203  1.33771501  1.34147849
  1.34524244  1.34900683  1.35277163  1.35653682  1.36030236  1.36406822
  1.36783439  1.37160083  1.37536752  1.37913442  1.38290152  1.38666878
  1.39043618  1.39420369  1.39797129  1.40173895  1.40550665  1.40927437
  1.41304207  1.41680973  1.42057733  1.42434485  1.42811225  1.43187953
  1.43564665  1.43941359  1.44318032  1.44694684  1.4507131   1.4544791
  1.4582448   1.46201019  1.46577524  1.46953994  1.47330426  1.47706818
  1.48083168  1.48459473  1.48835733  1.49211944  1.49588106  1.49964215
  1.50340269  1.50716268  1.51092208  1.51468088  1.51843907  1.52219661
  1.5259535   1.52970971  1.53346522  1.53722002  1.54097409  1.54472741
  1.54847996  1.55223173  1.55598269  1.55973284  1.56348214  1.5672306
  1.57097818  1.57472487  1.57847066  1.58221552  1.58595945  1.58970242
  1.59344442  1.59718544  1.60092545  1.60466445  1.60840241  1.61213932
  1.61587517  1.61960994  1.62334361  1.62707618  1.63080762  1.63453792
  1.63826706  1.64199504  1.64572183  1.64944743  1.65317182  1.65689498
  1.6606169   1.66433757  1.66805698  1.6717751   1.67549193  1.67920745
  1.68292166  1.68663453  1.69034605  1.69405622  1.69776501  1.70147242
  1.70517844  1.70888304  1.71258622  1.71628797  1.71998827  1.72368711
  1.72738448  1.73108037  1.73477477  1.73846766  1.74215903  1.74584888
  1.74953718  1.75322393  1.75690912  1.76059274  1.76427477  1.7679552
  1.77163403  1.77531124  1.77898682  1.78266076  1.78633305  1.79000368
  1.79367265  1.79733993  1.80100552  1.80466941  1.80833159  1.81199204
  1.81565077  1.81930775  1.82296299  1.82661646  1.83026817  1.83391809
  1.83756623  1.84121257  1.8448571   1.84849982  1.85214071  1.85577976
  1.85941698  1.86305233  1.86668583  1.87031746  1.87394721  1.87757507
  1.88120103  1.88482509  1.88844724  1.89206747  1.89568576  1.89930212
  1.90291654  1.90652899  1.91013949  1.91374802  1.91735456]

Y[1]:
[2.26994822 2.27004356 2.27013704 2.27022867]...[2.26994822 2.27004356 2.27013704 2.27022867 2.27031846 2.27040639
 2.27049247 2.27057669 2.27065907 2.27073959 2.27081825 2.27089506
 2.27097001 2.27104311 2.27111435 2.27118374 2.27125126 2.27131693
 2.27138074 2.27144269 2.27150278 2.271561   2.27161737 2.27167188
 2.27172453 2.27177531 2.27182423 2.27187129 2.27191649 2.27195982
 2.27200129 2.2720409  2.27207864 2.27211452 2.27214853 2.27218068
 2.27221096 2.27223937 2.27226593 2.27229061 2.27231343 2.27233438
 2.27235347 2.27237069 2.27238604 2.27239953 2.27241115 2.2724209
 2.27242878 2.2724348  2.27243895 2.27244124 2.2724413  2.27244166
 2.2724402  2.27243689 2.2724317  2.27242465 2.27241573 2.27240495
 2.27239229 2.27237777 2.27236139 2.27234314 2.27232302 2.27230103
 2.27227718 2.27225146 2.27222388 2.27219443 2.27216311 2.27212993
 2.27209489 2.27205798 2.27201921 2.27197857 2.27193607 2.2718917
 2.27184548 2.27179739 2.27174743 2.27169562 2.27164194 2.27158641
 2.27152901 2.27146975 2.27140863 2.27134565 2.27128081 2.27121412
 2.27114556 2.27107515 2.27100288 2.27092876 2.27085278 2.27077494
 2.27069525 2.27061371 2.27053031 2.27044505 2.27035795 2.27026899
 2.27017819 2.27008553 2.26999102 2.26989467 2.26979646 2.26969641
 2.26959451 2.26949077 2.26938518 2.26927774 2.26916846 2.26905734
 2.26894438 2.26882958 2.26871293 2.26859445 2.26847412 2.26835196
 2.26822796 2.26810213 2.26797446 2.26784496 2.26771362 2.26758046
 2.26744546 2.26730863 2.26716997 2.26702948 2.26688717 2.26674303
 2.26659706 2.26644927 2.26629966 2.26614823 2.26599497 2.2658399
 2.26568301 2.2655243  2.26536377 2.26520143 2.26503728 2.26487131
 2.26470353 2.26453395 2.26436255 2.26418934 2.26401433 2.26383752
 2.2636589  2.26347848 2.26329625 2.26311223 2.26292641 2.26273879
 2.26254938 2.26235817 2.26216517 2.26197037 2.26177379 2.26157542
 2.26137526 2.26117331 2.26096958 2.26076407 2.26055678 2.2603477
 2.26013685 2.25992422 2.25970982 2.25949364 2.25927569 2.25905597
 2.25883448 2.25861122 2.2583862  2.25815941 2.25793086 2.25770055
 2.25746848 2.25723465 2.25699907 2.25676173 2.25652264 2.2562818
 2.25603921 2.25579487 2.25554879 2.25530096 2.25505139 2.25480008
 2.25454703 2.25429225 2.25403573 2.25377747 2.25351749 2.25325578
 2.25299234 2.25272717 2.25246028 2.25219167 2.25192134 2.25164929
 2.25137552 2.25110004 2.25082285 2.25054395 2.25026333 2.24998102
 2.249697   2.24941127 2.24912385 2.24883473 2.24854391 2.2482514
 2.24795719 2.2476613  2.24736371 2.24706445 2.24676349 2.24646086
 2.24615655 2.24585056 2.24554289 2.24523355 2.24492254 2.24460986
 2.24429552 2.24397951 2.24366183 2.2433425  2.24302151 2.24269887
 2.24237457 2.24204862 2.24172102 2.24139178 2.24106089 2.24072835
 2.24039418 2.24005838 2.23972093 2.23938186 2.23904115 2.23869881
 2.23835485 2.23800927 2.23766207 2.23731324 2.2369628  2.23661075
 2.23625709 2.23590181 2.23554493 2.23518645 2.23482636 2.23446468
 2.23410139 2.23373652 2.23337005 2.23300199 2.23263235 2.23226112
 2.23188831 2.23151392 2.23113795 2.23076041 2.2303813  2.23000062
 2.22961837 2.22923456 2.22884919 2.22846225 2.22807377 2.22768372
 2.22729213 2.22689899 2.2265043  2.22610807 2.2257103  2.22531099
 2.22491015 2.22450777 2.22410386 2.22369843 2.22329147 2.22288299
 2.22247299 2.22206148 2.22164845 2.22123391 2.22081786 2.2204003
 2.21998125 2.21956069 2.21913863 2.21871509 2.21829005 2.21786352
 2.2174355  2.217006   2.21657502 2.21614257 2.21570863 2.21527323
 2.21483636 2.21439802 2.21395821 2.21351695 2.21307423 2.21263005
 2.21218442 2.21173734 2.21128882 2.21083885 2.21038744 2.20993459
 2.20948031 2.20902459 2.20856745 2.20810888 2.20764889 2.20718747
 2.20672464 2.2062604  2.20579474 2.20532768 2.20485921 2.20438933
 2.20391806 2.20344539 2.20297133 2.20249587 2.20201903 2.20154081
 2.2010612  2.20058021 2.20009785 2.19961411 2.19912901 2.19864254
 2.1981547  2.19766551 2.19717495 2.19668304 2.19618979 2.19569518
 2.19519922 2.19470193 2.19420329 2.19370332 2.19320202 2.19269939
 2.19219542 2.19169014 2.19118353 2.19067561 2.19016637 2.18965582
 2.18914397 2.1886308  2.18811634 2.18760057 2.18708351 2.18656516
 2.18604552 2.18552459 2.18500238 2.18447889 2.18395412 2.18342807
 2.18290076 2.18237218 2.18184233 2.18131122 2.18077886 2.18024524
 2.17971036 2.17917424 2.17863688 2.17809827 2.17755842 2.17701734
 2.17647502 2.17593147 2.1753867  2.17484071 2.17429349 2.17374506
 2.17319541 2.17264456 2.1720925  2.17153923 2.17098476 2.1704291
 2.16987224 2.16931419 2.16875495 2.16819453 2.16763292 2.16707014
 2.16650618 2.16594105 2.16537476 2.1648073  2.16423867 2.16366889
 2.16309795 2.16252586 2.16195262 2.16137824 2.16080271 2.16022604
 2.15964824 2.1590693  2.15848924 2.15790805 2.15732573 2.1567423
 2.15615775 2.15557209 2.15498532 2.15439744 2.15380845 2.15321837
 2.15262719 2.15203492 2.15144155 2.1508471  2.15025157 2.14965496
 2.14905726 2.1484585  2.14785866 2.14725776 2.14665579 2.14605277
 2.14544868 2.14484354 2.14423735 2.14363011 2.14302183 2.1424125
 2.14180214 2.14119075 2.14057832 2.13996486 2.13935038 2.13873488
 2.13811836 2.13750083 2.13688228 2.13626273 2.13564217 2.13502061
 2.13439805 2.1337745  2.13314995 2.13252441 2.13189789 2.13127039
 2.13064191 2.13001245 2.12938203 2.12875063 2.12811827 2.12748494
 2.12685066 2.12621542 2.12557922 2.12494208 2.12430399 2.12366496
 2.12302499 2.12238409 2.12174225 2.12109948 2.12045579 2.11981117
 2.11916563 2.11851918 2.11787181 2.11722353 2.11657435]

X[0]:
[-0.62473833 -0.6230885  -0.62146641 -0.61987229]...[-0.62473833 -0.6230885  -0.62146641 -0.61987229 -0.61830637 -0.61676888
 -0.61526003 -0.61378005 -0.61232918 -0.61090761 -0.60951557 -0.60815328
 -0.60682094 -0.60551877 -0.60424696 -0.60300572 -0.60179526 -0.60061576
 -0.59946742 -0.59835042 -0.59726495 -0.5962112  -0.59518933 -0.59419953
 -0.59324195 -0.59231677 -0.59142415 -0.59056423 -0.58973716 -0.58894311
 -0.58818219 -0.58745455 -0.58676032 -0.58609962 -0.58547257 -0.58487928
 -0.58431986 -0.58379442 -0.58330305 -0.58284583 -0.58242286 -0.58203421
 -0.58167995 -0.58136015 -0.58107487 -0.58082416 -0.58060807 -0.58042663
 -0.58027989 -0.58016787 -0.58009059 -0.58004806 -0.58004685  0.5800403
  0.5800673   0.58012907  0.58022558  0.58035682  0.58052276  0.58072339
  0.58095864  0.58122849  0.58153289  0.58187176  0.58224507  0.58265272
  0.58309466  0.58357079  0.58408103  0.58462529  0.58520346  0.58581545
  0.58646114  0.58714041  0.58785315  0.58859922  0.5893785   0.59019084
  0.59103611  0.59191415  0.59282481  0.59376794  0.59474338  0.59575095
  0.59679048  0.59786181  0.59896475  0.60009912  0.60126473  0.60246139
  0.60368891  0.60494709  0.60623573  0.60755463  0.60890357  0.61028235
  0.61169076  0.61312858  0.61459558  0.61609157  0.6176163   0.61916955
  0.62075111  0.62236074  0.62399821  0.62566328  0.62735574  0.62907533
  0.63082184  0.63259501  0.63439461  0.63622041  0.63807217  0.63994963
  0.64185258  0.64378075  0.64573392  0.64771184  0.64971427  0.65174097
  0.65379169  0.6558662   0.65796425  0.6600856   0.66223002  0.66439726
  0.66658708  0.66879924  0.6710335   0.67328964  0.6755674   0.67786656
  0.68018688  0.68252813  0.68489007  0.68727247  0.6896751   0.69209773
  0.69454013  0.69700208  0.69948335  0.70198372  0.70450296  0.70704085
  0.70959717  0.71217171  0.71476425  0.71737456  0.72000245  0.72264769
  0.72531007  0.7279894   0.73068545  0.73339803  0.73612692  0.73887194
  0.74163288  0.74440953  0.74720171  0.75000922  0.75283186  0.75566944
  0.75852178  0.76138869  0.76426998  0.76716546  0.77007495  0.77299828
  0.77593527  0.77888573  0.78184949  0.78482638  0.78781623  0.79081886
  0.79383412  0.79686182  0.79990182  0.80295394  0.80601802  0.80909391
  0.81218144  0.81528047  0.81839083  0.82151238  0.82464496  0.82778842
  0.83094262  0.83410741  0.83728265  0.8404682   0.84366391  0.84686964
  0.85008526  0.85331063  0.85654561  0.85979008  0.8630439   0.86630694
  0.86957907  0.87286017  0.87615011  0.87944876  0.88275601  0.88607173
  0.88939581  0.89272812  0.89606854  0.89941697  0.90277329  0.90613738
  0.90950914  0.91288844  0.9162752   0.91966929  0.92307061  0.92647906
  0.92989452  0.93331691  0.93674612  0.94018204  0.94362458  0.94707365
  0.95052913  0.95399095  0.957459    0.96093319  0.96441344  0.96789964
  0.97139171  0.97488955  0.97839309  0.98190224  0.9854169   0.988937
  0.99246245  0.99599316  0.99952907  1.00307008  1.00661611  1.01016709
  1.01372294  1.01728358  1.02084893  1.02441893  1.02799349  1.03157254
  1.03515601  1.03874383  1.04233593  1.04593223  1.04953267  1.05313718
  1.05674568  1.06035813  1.06397444  1.06759455  1.0712184   1.07484592
  1.07847705  1.08211173  1.08574989  1.08939148  1.09303644  1.0966847
  1.1003362   1.10399089  1.10764871  1.11130961  1.11497352  1.11864039
  1.12231016  1.12598279  1.12965821  1.13333637  1.13701723  1.14070072
  1.1443868   1.14807542  1.15176652  1.15546005  1.15915597  1.16285423
  1.16655478  1.17025757  1.17396255  1.17766968  1.18137891  1.1850902
  1.18880349  1.19251875  1.19623593  1.19995499  1.20367588  1.20739857
  1.211123    1.21484913  1.21857694  1.22230636  1.22603737  1.22976992
  1.23350398  1.23723949  1.24097644  1.24471477  1.24845444  1.25219543
  1.25593769  1.25968118  1.26342588  1.26717173  1.27091872  1.27466679
  1.27841592  1.28216607  1.28591721  1.2896693   1.29342231  1.29717621
  1.30093095  1.30468652  1.30844288  1.31219998  1.31595782  1.31971634
  1.32347553  1.32723534  1.33099575  1.33475674  1.33851826  1.34228029
  1.3460428   1.34980576  1.35356914  1.35733291  1.36109705  1.36486153
  1.36862632  1.37239139  1.37615671  1.37992226  1.38368801  1.38745393
  1.39122001  1.3949862   1.39875249  1.40251886  1.40628527  1.41005169
  1.41381812  1.41758452  1.42135086  1.42511713  1.42888329  1.43264934
  1.43641523  1.44018095  1.44394648  1.44771179  1.45147687  1.45524168
  1.45900621  1.46277043  1.46653432  1.47029786  1.47406104  1.47782382
  1.48158619  1.48534812  1.4891096   1.49287061  1.49663112  1.50039111
  1.50415057  1.50790948  1.51166781  1.51542554  1.51918267  1.52293916
  1.526695    1.53045017  1.53420466  1.53795843  1.54171148  1.54546379
  1.54921534  1.55296611  1.55671608  1.56046524  1.56421357  1.56796105
  1.57170766  1.57545339  1.57919822  1.58294214  1.58668513  1.59042716
  1.59416824  1.59790833  1.60164742  1.60538551  1.60912256  1.61285857
  1.61659353  1.62032741  1.6240602   1.62779188  1.63152245  1.63525188
  1.63898017  1.64270729  1.64643323  1.65015798  1.65388153  1.65760386
  1.66132495  1.6650448   1.66876338  1.67248069  1.67619671  1.67991143
  1.68362484  1.68733692  1.69104765  1.69475703  1.69846505  1.70217168
  1.70587693  1.70958077  1.71328319  1.71698418  1.72068373  1.72438183
  1.72807846  1.73177361  1.73546728  1.73915944  1.74285009  1.74653922
  1.7502268   1.75391285  1.75759733  1.76128024  1.76496158  1.76864132
  1.77231946  1.77599598  1.77967088  1.78334415  1.78701577  1.79068573
  1.79435403  1.79802065  1.80168559  1.80534883  1.80901036  1.81267017
  1.81632826  1.8199846   1.82363921  1.82729205  1.83094313  1.83459244
  1.83823996  1.84188568  1.8455296   1.84917171  1.852812    1.85645046
  1.86008707  1.86372184  1.86735475  1.87098579  1.87461496  1.87824224
  1.88186763  1.88549112  1.8891127   1.89273236  1.89635009  1.89996589
  1.90357975  1.90719165  1.9108016   1.91440958  1.91801559]

Y[0]:
[2.2728167  2.27291215 2.27300576 2.27309751]...[2.2728167  2.27291215 2.27300576 2.27309751 2.2731874  2.27327545
 2.27336163 2.27344597 2.27352845 2.27360907 2.27368783 2.27376474
 2.27383979 2.27391298 2.27398431 2.27405378 2.27412139 2.27418715
 2.27425104 2.27431306 2.27437323 2.27443153 2.27448797 2.27454255
 2.27459526 2.27464611 2.2746951  2.27474222 2.27478747 2.27483086
 2.27487238 2.27491204 2.27494983 2.27498575 2.2750198  2.27505199
 2.27508231 2.27511077 2.27513735 2.27516207 2.27518491 2.27520589
 2.275225   2.27524225 2.27525762 2.27527112 2.27528276 2.27529252
 2.27530042 2.27530644 2.2753106  2.27531289 2.27531295 2.2753133
 2.27531185 2.27530853 2.27530334 2.27529628 2.27528735 2.27527655
 2.27526388 2.27524934 2.27523293 2.27521466 2.27519451 2.2751725
 2.27514862 2.27512287 2.27509525 2.27506576 2.27503441 2.27500119
 2.2749661  2.27492914 2.27489032 2.27484963 2.27480707 2.27476265
 2.27471637 2.27466822 2.2746182  2.27456632 2.27451257 2.27445697
 2.27439949 2.27434016 2.27427896 2.2742159  2.27415098 2.2740842
 2.27401556 2.27394506 2.2738727  2.27379848 2.2737224  2.27364447
 2.27356468 2.27348303 2.27339952 2.27331416 2.27322695 2.27313788
 2.27304695 2.27295418 2.27285955 2.27276307 2.27266474 2.27256456
 2.27246254 2.27235866 2.27225294 2.27214536 2.27203595 2.27192468
 2.27181158 2.27169663 2.27157983 2.2714612  2.27134072 2.27121841
 2.27109425 2.27096826 2.27084042 2.27071076 2.27057925 2.27044592
 2.27031075 2.27017374 2.27003491 2.26989424 2.26975175 2.26960742
 2.26946127 2.26931329 2.26916349 2.26901187 2.26885842 2.26870315
 2.26854605 2.26838714 2.26822641 2.26806387 2.2678995  2.26773332
 2.26756533 2.26739553 2.26722391 2.26705049 2.26687526 2.26669821
 2.26651937 2.26633872 2.26615626 2.265972   2.26578595 2.26559809
 2.26540843 2.26521698 2.26502373 2.26482869 2.26463186 2.26443323
 2.26423282 2.26403062 2.26382663 2.26362086 2.2634133  2.26320396
 2.26299284 2.26277994 2.26256526 2.26234881 2.26213058 2.26191058
 2.26168881 2.26146527 2.26123996 2.26101288 2.26078404 2.26055344
 2.26032107 2.26008694 2.25985106 2.25961342 2.25937403 2.25913288
 2.25888998 2.25864533 2.25839893 2.25815079 2.2579009  2.25764927
 2.2573959  2.25714079 2.25688395 2.25662537 2.25636505 2.25610301
 2.25583923 2.25557373 2.2553065  2.25503754 2.25476687 2.25449447
 2.25422035 2.25394452 2.25366698 2.25338772 2.25310675 2.25282408
 2.25253969 2.25225361 2.25196582 2.25167633 2.25138514 2.25109225
 2.25079767 2.2505014  2.25020344 2.24990379 2.24960246 2.24929944
 2.24899474 2.24868836 2.2483803  2.24807057 2.24775916 2.24744608
 2.24713134 2.24681493 2.24649685 2.24617711 2.24585571 2.24553266
 2.24520795 2.24488158 2.24455357 2.2442239  2.24389259 2.24355964
 2.24322504 2.2428888  2.24255093 2.24221142 2.24187028 2.24152751
 2.24118312 2.24083709 2.24048944 2.24014018 2.23978929 2.23943679
 2.23908268 2.23872695 2.23836962 2.23801068 2.23765013 2.23728799
 2.23692424 2.2365589  2.23619197 2.23582344 2.23545333 2.23508162
 2.23470834 2.23433347 2.23395703 2.23357901 2.23319941 2.23281825
 2.23243551 2.23205121 2.23166535 2.23127792 2.23088894 2.2304984
 2.23010631 2.22971267 2.22931748 2.22892074 2.22852247 2.22812265
 2.22772129 2.2273184  2.22691398 2.22650803 2.22610056 2.22569156
 2.22528104 2.224869   2.22445544 2.22404037 2.2236238  2.22320571
 2.22278612 2.22236503 2.22194244 2.22151835 2.22109277 2.2206657
 2.22023714 2.21980709 2.21937556 2.21894255 2.21850807 2.21807211
 2.21763468 2.21719578 2.21675542 2.21631359 2.21587031 2.21542557
 2.21497937 2.21453172 2.21408263 2.21363208 2.2131801  2.21272668
 2.21227182 2.21181552 2.2113578  2.21089864 2.21043806 2.20997606
 2.20951264 2.20904781 2.20858156 2.2081139  2.20764483 2.20717436
 2.20670249 2.20622922 2.20575455 2.20527849 2.20480104 2.20432221
 2.20384199 2.20336039 2.20287741 2.20239306 2.20190734 2.20142025
 2.20093179 2.20044198 2.1999508  2.19945826 2.19896438 2.19846914
 2.19797255 2.19747463 2.19697536 2.19647475 2.19597281 2.19546953
 2.19496493 2.194459   2.19395175 2.19344318 2.1929333  2.1924221
 2.19190959 2.19139577 2.19088065 2.19036423 2.18984651 2.1893275
 2.1888072  2.18828561 2.18776273 2.18723857 2.18671313 2.18618642
 2.18565844 2.18512918 2.18459866 2.18406688 2.18353383 2.18299953
 2.18246398 2.18192718 2.18138913 2.18084983 2.1803093  2.17976752
 2.17922452 2.17868028 2.17813481 2.17758812 2.17704021 2.17649108
 2.17594074 2.17538918 2.17483641 2.17428244 2.17372727 2.1731709
 2.17261333 2.17205457 2.17149462 2.17093348 2.17037116 2.16980767
 2.16924299 2.16867714 2.16811013 2.16754194 2.16697259 2.16640209
 2.16583042 2.1652576  2.16468363 2.16410852 2.16353226 2.16295486
 2.16237632 2.16179665 2.16121584 2.16063391 2.16005086 2.15946668
 2.15888139 2.15829498 2.15770746 2.15711883 2.1565291  2.15593827
 2.15534633 2.15475331 2.15415919 2.15356398 2.15296769 2.15237032
 2.15177186 2.15117234 2.15057174 2.14997007 2.14936733 2.14876354
 2.14815868 2.14755277 2.14694581 2.1463378  2.14572874 2.14511864
 2.14450751 2.14389533 2.14328213 2.14266789 2.14205263 2.14143634
 2.14081904 2.14020072 2.13958138 2.13896104 2.13833969 2.13771734
 2.13709399 2.13646964 2.1358443  2.13521797 2.13459065 2.13396235
 2.13333307 2.13270281 2.13207158 2.13143938 2.13080621 2.13017208
 2.12953699 2.12890094 2.12826394 2.12762599 2.12698709 2.12634724
 2.12570646 2.12506474 2.12442208 2.12377849 2.12313398 2.12248854
 2.12184218 2.1211949  2.12054671 2.11989761 2.1192476 ]

Intensities: [20. 14. 20. 18.]...[20. 14. 20. 18.]